[[-2.08734386e+00  4.92853292e-01 -3.35990796e-01 ... -1.09628939e-01
  -4.94679790e-01  2.47931084e-01]
 [-1.37338153e+00 -1.70923779e-01 -9.65964271e-01 ...  5.88700953e-01
  -1.13056500e-01 -1.13116820e-01]
 [-2.37655336e+00  9.14027176e-01 -9.00257783e-02 ...  4.16418193e-01
   3.57029666e-01  5.13074653e-02]
 ...
 [-3.68189649e-01  8.23162397e-01 -9.33509355e-01 ... -3.14763317e-01
  -1.48478525e-01  2.31503312e-03]
 [-2.64317340e-01  5.40016199e-01 -1.03326735e+00 ... -2.99460745e-01
  -1.40693787e-01 -9.27786630e-03]
 [ 1.95235127e-01 -5.57976483e-01 -1.57608018e+00 ... -4.28275137e-01
  -5.09133897e-01 -1.35112101e-01]]
